0 0.415625 0.8572916666666667 0.15625 0.21875
0 0.1984375 0.7885416666666667 0.15625 0.21875
0 0.921875 0.8447916666666667 0.15625 0.21875
0 0.7171875 0.840625 0.16875 0.22291666666666668
0 0.31640625 0.259375 0.1328125 0.21875
0 0.07421875 0.8072916666666666 0.1328125 0.21875
0 0.921875 0.19583333333333333 0.15625 0.22916666666666666
0 0.69296875 0.11875 0.1890625 0.23333333333333334
0 0.09140625 0.2604166666666667 0.1546875 0.17916666666666667
0 0.18203125 0.58125 0.1515625 0.2791666666666667
0 0.33984375 0.4822916666666667 0.1453125 0.21041666666666667