0 0.42265625 0.13229166666666667 0.1546875 0.20625
0 0.60390625 0.209375 0.1546875 0.20625
0 0.58125 0.26979166666666665 0.165625 0.21041666666666667
0 0.64296875 0.48854166666666665 0.1671875 0.17708333333333334
0 0.1125 0.734375 0.15 0.23958333333333334
0 0.7890625 0.35104166666666664 0.14375 0.22291666666666668
0 0.2578125 0.12083333333333333 0.15 0.2375
0 0.69765625 0.70625 0.1578125 0.23333333333333334
0 0.95 0.7302083333333333 0.1 0.18958333333333333
0 0.43828125 0.79375 0.1453125 0.1875
0 0.23984375 0.8885416666666667 0.2078125 0.19791666666666666
0 0.809375 0.6020833333333333 0.196875 0.2125