0 0.190625 0.11979166666666667 0.140625 0.17291666666666666
0 0.153125 0.23229166666666667 0.140625 0.17291666666666666
0 0.0578125 0.3885416666666667 0.1125 0.17291666666666666
0 0.32109375 0.40625 0.1453125 0.225
0 0.5796875 0.09895833333333333 0.1125 0.19375
0 0.57578125 0.2604166666666667 0.1640625 0.19166666666666668
0 0.76953125 0.096875 0.1640625 0.18958333333333333
0 0.2203125 0.8041666666666667 0.190625 0.22083333333333333
0 0.428125 0.9166666666666666 0.178125 0.16666666666666666
0 0.6375 0.73125 0.153125 0.16666666666666666
0 0.68671875 0.55 0.1578125 0.19166666666666668
0 0.86640625 0.7958333333333333 0.1578125 0.19166666666666668
0 0.90078125 0.5791666666666667 0.0984375 0.19166666666666668
0 0.4453125 0.2833333333333333 0.178125 0.22083333333333333