0 0.7078125 0.27395833333333336 0.146875 0.21875
0 0.778125 0.7302083333333333 0.171875 0.21875
0 0.7578125 0.8447916666666667 0.171875 0.21875
0 0.525 0.196875 0.171875 0.21875
0 0.4484375 0.23333333333333334 0.121875 0.1875
0 0.715625 0.4625 0.159375 0.17916666666666667
0 0.8359375 0.45208333333333334 0.159375 0.17916666666666667
0 0.08125 0.5541666666666667 0.159375 0.17916666666666667
0 0.3203125 0.09270833333333334 0.159375 0.16458333333333333
0 0.928125 0.07291666666666667 0.140625 0.14166666666666666
0 0.91328125 0.3260416666666667 0.1609375 0.21875
0 0.28125 0.8958333333333334 0.159375 0.17916666666666667
0 0.44453125 0.8875 0.1578125 0.1875