0 0.71875 0.91875 0.165625 0.1625
0 0.528125 0.9416666666666667 0.15625 0.11666666666666667
0 0.3703125 0.30625 0.1875 0.2
0 0.284375 0.16875 0.1875 0.2
0 0.80625 0.3229166666666667 0.1875 0.2
0 0.7859375 0.5145833333333333 0.15 0.16666666666666666
0 0.94453125 0.271875 0.1109375 0.20625
0 0.91953125 0.66875 0.1609375 0.19583333333333333
0 0.71796875 0.7416666666666667 0.1609375 0.19583333333333333
0 0.54609375 0.43333333333333335 0.1609375 0.19583333333333333
0 0.0703125 0.5427083333333333 0.1375 0.21041666666666667
0 0.1953125 0.8104166666666667 0.175 0.2375
0 0.359375 0.5145833333333333 0.175 0.2375