0 0.24140625 0.8302083333333333 0.1703125 0.24791666666666667
0 0.66171875 0.415625 0.1703125 0.24791666666666667
0 0.89609375 0.33125 0.1390625 0.2
0 0.68203125 0.10833333333333334 0.1390625 0.2
0 0.53046875 0.45208333333333334 0.1703125 0.20416666666666666
0 0.11015625 0.6708333333333333 0.1703125 0.20416666666666666
0 0.0765625 0.31979166666666664 0.15 0.19791666666666666
0 0.1953125 0.3072916666666667 0.153125 0.19791666666666666
0 0.41171875 0.12291666666666666 0.1703125 0.24166666666666667
0 0.33515625 0.3333333333333333 0.1703125 0.20416666666666666
0 0.65859375 0.4114583333333333 0.1703125 0.24791666666666667
0 0.32734375 0.590625 0.2046875 0.16458333333333333
0 0.81171875 0.875 0.1734375 0.19583333333333333