0 0.66953125 0.6197916666666666 0.1703125 0.21041666666666667
0 0.76328125 0.8927083333333333 0.1703125 0.21041666666666667
0 0.69296875 0.8927083333333333 0.1703125 0.21041666666666667
0 0.515625 0.9114583333333334 0.175 0.17708333333333334
0 0.5390625 0.3927083333333333 0.159375 0.17708333333333334
0 0.79375 0.24583333333333332 0.2125 0.22083333333333333
0 0.82109375 0.4125 0.1578125 0.2708333333333333
0 0.1390625 0.409375 0.153125 0.17708333333333334
0 0.2421875 0.83125 0.16875 0.21666666666666667
0 0.528125 0.13958333333333334 0.16875 0.21666666666666667
0 0.0984375 0.20208333333333334 0.14375 0.20833333333333334
0 0.946875 0.8885416666666667 0.10625 0.20625
0 0.075 0.7739583333333333 0.146875 0.20625