0 0.434375 0.65 0.159375 0.19583333333333333
0 0.16171875 0.5385416666666667 0.1734375 0.19791666666666666
0 0.31796875 0.46770833333333334 0.2109375 0.23958333333333334
0 0.69375 0.6885416666666667 0.175 0.23125
0 0.85703125 0.7010416666666667 0.1796875 0.21041666666666667
0 0.6171875 0.2916666666666667 0.165625 0.2
0 0.75 0.2625 0.165625 0.2
0 0.746875 0.45416666666666666 0.165625 0.2
0 0.275 0.2625 0.165625 0.2
0 0.13125 0.23645833333333333 0.16875 0.21875
0 0.93359375 0.16666666666666666 0.1328125 0.20416666666666666
0 0.46328125 0.896875 0.1546875 0.18541666666666667