0 0.359375 0.11875 0.153125 0.22083333333333333
0 0.25625 0.43333333333333335 0.153125 0.22083333333333333
0 0.4390625 0.7125 0.153125 0.22083333333333333
0 0.21640625 0.8510416666666667 0.1796875 0.21458333333333332
0 0.09453125 0.49166666666666664 0.1703125 0.17916666666666667
0 0.803125 0.33958333333333335 0.175 0.21666666666666667
0 0.86328125 0.49895833333333334 0.1484375 0.18541666666666667
0 0.5546875 0.5364583333333334 0.190625 0.26458333333333334
0 0.590625 0.8385416666666666 0.159375 0.20208333333333334
0 0.740625 0.6864583333333333 0.159375 0.20208333333333334
0 0.54375 0.290625 0.1625 0.23958333333333334
0 0.2421875 0.23958333333333334 0.165625 0.19166666666666668
0 0.08359375 0.3625 0.1640625 0.19166666666666668
0 0.3546875 0.846875 0.14375 0.19791666666666666