0 0.425 0.46041666666666664 0.15 0.22916666666666666
0 0.396875 0.7395833333333334 0.15 0.22916666666666666
0 0.090625 0.7145833333333333 0.178125 0.25
0 0.30234375 0.37395833333333334 0.1515625 0.22291666666666668
0 0.59609375 0.6989583333333333 0.1515625 0.22291666666666668
0 0.06953125 0.47604166666666664 0.1359375 0.19791666666666666
0 0.2734375 0.071875 0.128125 0.13958333333333334
0 0.934375 0.4947916666666667 0.13125 0.24375
0 0.79609375 0.653125 0.1515625 0.22291666666666668
0 0.93359375 0.10416666666666667 0.1328125 0.20416666666666666
0 0.68671875 0.44895833333333335 0.1609375 0.20625
0 0.91953125 0.8822916666666667 0.1609375 0.20625
0 0.6984375 0.259375 0.146875 0.21458333333333332