0 0.49609375 0.8697916666666666 0.1640625 0.20625
0 0.70390625 0.853125 0.1828125 0.23541666666666666
0 0.63984375 0.39375 0.1640625 0.16666666666666666
0 0.75390625 0.38125 0.1765625 0.21666666666666667
0 0.30859375 0.7854166666666667 0.1765625 0.21666666666666667
0 0.45546875 0.503125 0.1640625 0.20625
0 0.45859375 0.29270833333333335 0.1640625 0.20625
0 0.73515625 0.10416666666666667 0.1640625 0.20416666666666666
0 0.225 0.178125 0.2 0.2604166666666667
0 0.1359375 0.26979166666666665 0.125 0.18125
0 0.0953125 0.8520833333333333 0.15 0.19583333333333333
0 0.05859375 0.7364583333333333 0.1140625 0.20208333333333334
0 0.9109375 0.21145833333333333 0.16875 0.18125