0 0.84453125 0.8635416666666667 0.1890625 0.23958333333333334
0 0.67265625 0.540625 0.1890625 0.23958333333333334
0 0.6578125 0.34375 0.140625 0.17083333333333334
0 0.1671875 0.45208333333333334 0.1 0.2375
0 0.20859375 0.6302083333333334 0.1515625 0.18541666666666667
0 0.17890625 0.08333333333333333 0.1328125 0.1625
0 0.41953125 0.13229166666666667 0.1484375 0.18541666666666667
0 0.51171875 0.21041666666666667 0.1953125 0.20833333333333334
0 0.7875 0.25 0.140625 0.17083333333333334
0 0.521875 0.7385416666666667 0.253125 0.13958333333333334
0 0.45390625 0.7822916666666667 0.1578125 0.19375