0 0.6640625 0.8427083333333333 0.18125 0.18958333333333333
0 0.88359375 0.528125 0.1734375 0.18958333333333333
0 0.575 0.6802083333333333 0.153125 0.19791666666666666
0 0.57890625 0.30416666666666664 0.1734375 0.2125
0 0.665625 0.4010416666666667 0.153125 0.19791666666666666
0 0.8828125 0.16354166666666667 0.1375 0.2604166666666667
0 0.72421875 0.090625 0.1640625 0.17708333333333334
0 0.1640625 0.2989583333333333 0.1375 0.30625
0 0.43125 0.6572916666666667 0.175 0.2520833333333333
0 0.1671875 0.5447916666666667 0.175 0.2520833333333333
0 0.87109375 0.9010416666666666 0.1359375 0.19791666666666666