0 0.43984375 0.6854166666666667 0.1703125 0.22083333333333333
0 0.53046875 0.25416666666666665 0.1703125 0.22083333333333333
0 0.61484375 0.8666666666666667 0.1953125 0.22916666666666666
0 0.93359375 0.6510416666666666 0.1328125 0.24791666666666667
0 0.77109375 0.7114583333333333 0.1453125 0.21041666666666667
0 0.92734375 0.21770833333333334 0.1453125 0.26458333333333334
0 0.88359375 0.38645833333333335 0.1453125 0.21041666666666667
0 0.60078125 0.48541666666666666 0.1203125 0.1875
0 0.62578125 0.6354166666666666 0.1203125 0.1875
0 0.35078125 0.09479166666666666 0.1234375 0.15208333333333332
0 0.1625 0.11145833333333334 0.15 0.15208333333333332
0 0.21328125 0.058333333333333334 0.1453125 0.1125
0 0.2375 0.8020833333333334 0.190625 0.20833333333333334
0 0.8171875 0.928125 0.19375 0.14375
0 0.7203125 0.084375 0.15625 0.16458333333333333
0 0.1734375 0.60625 0.184375 0.225