0 0.21796875 0.5802083333333333 0.1421875 0.19791666666666666
0 0.7875 0.5697916666666667 0.159375 0.19791666666666666
0 0.54296875 0.634375 0.1578125 0.26458333333333334
0 0.37734375 0.890625 0.1890625 0.21875
0 0.19921875 0.15104166666666666 0.1234375 0.22291666666666668
0 0.640625 0.28020833333333334 0.165625 0.22708333333333333
0 0.92890625 0.19166666666666668 0.1421875 0.23333333333333334
0 0.434375 0.696875 0.165625 0.22708333333333333
0 0.76171875 0.8708333333333333 0.1515625 0.25833333333333336
0 0.63984375 0.8708333333333333 0.1515625 0.25833333333333336
0 0.553125 0.090625 0.159375 0.17708333333333334