0 0.69140625 0.4708333333333333 0.1671875 0.21666666666666667
0 0.84453125 0.3260416666666667 0.1796875 0.21458333333333332
0 0.41796875 0.315625 0.1796875 0.21458333333333332
0 0.06953125 0.6479166666666667 0.1359375 0.20833333333333334
0 0.4734375 0.8729166666666667 0.128125 0.2
0 0.82578125 0.08645833333333333 0.1390625 0.16875
0 0.565625 0.16979166666666667 0.18125 0.24375
0 0.0828125 0.3802083333333333 0.1625 0.22708333333333333
0 0.12890625 0.18229166666666666 0.1484375 0.21875
0 0.16796875 0.9083333333333333 0.1359375 0.18333333333333332
0 0.92734375 0.784375 0.1453125 0.18125
0 0.70390625 0.25729166666666664 0.1453125 0.19791666666666666