0 0.4515625 0.4427083333333333 0.11875 0.19375
0 0.309375 0.8635416666666667 0.11875 0.19375
0 0.2203125 0.9 0.14375 0.16666666666666666
0 0.08828125 0.7677083333333333 0.1421875 0.20208333333333334
0 0.08984375 0.265625 0.1421875 0.20208333333333334
0 0.11171875 0.39479166666666665 0.1609375 0.19791666666666666
0 0.1421875 0.46458333333333335 0.140625 0.18333333333333332
0 0.13828125 0.08229166666666667 0.1765625 0.16041666666666668
0 0.365625 0.35104166666666664 0.153125 0.24791666666666667
0 0.509375 0.2760416666666667 0.14375 0.18958333333333333
0 0.8734375 0.16770833333333332 0.14375 0.18958333333333333
0 0.90703125 0.396875 0.1671875 0.23541666666666666
0 0.81328125 0.5614583333333333 0.1296875 0.20208333333333334
0 0.925 0.80625 0.15 0.22083333333333333
0 0.6296875 0.44583333333333336 0.15 0.22083333333333333
0 0.66875 0.15416666666666667 0.15 0.22083333333333333
0 0.503125 0.09479166666666666 0.146875 0.18541666666666667