0 0.36875 0.34791666666666665 0.15625 0.2625
0 0.91875 0.39791666666666664 0.15 0.23333333333333334
0 0.8421875 0.16145833333333334 0.178125 0.22291666666666668
0 0.815625 0.5625 0.134375 0.1875
0 0.490625 0.49375 0.134375 0.1875
0 0.51796875 0.28229166666666666 0.1515625 0.18958333333333333
0 0.10234375 0.265625 0.1515625 0.18958333333333333
0 0.1125 0.39895833333333336 0.159375 0.21875
0 0.096875 0.771875 0.159375 0.21875
0 0.928125 0.8052083333333333 0.14375 0.21875
0 0.14453125 0.08958333333333333 0.1703125 0.175
0 0.67265625 0.14895833333333333 0.1515625 0.18958333333333333
0 0.33203125 0.6208333333333333 0.1640625 0.16666666666666666