0 0.68828125 0.7 0.1640625 0.2
0 0.28515625 0.5875 0.1640625 0.2
0 0.57109375 0.21145833333333333 0.1984375 0.20625
0 0.634375 0.47291666666666665 0.15625 0.20833333333333334
0 0.409375 0.8958333333333334 0.15625 0.20833333333333334
0 0.11796875 0.796875 0.2203125 0.21041666666666667
0 0.9484375 0.25104166666666666 0.103125 0.2520833333333333
0 0.7390625 0.17291666666666666 0.15625 0.20833333333333334
0 0.7359375 0.30625 0.15625 0.20833333333333334
0 0.921875 0.5 0.15625 0.20833333333333334
0 0.28515625 0.8354166666666667 0.1578125 0.20833333333333334
0 0.0796875 0.11666666666666667 0.15625 0.20833333333333334
0 0.14765625 0.54375 0.1234375 0.19166666666666668