0 0.7234375 0.221875 0.1625 0.20208333333333334
0 0.559375 0.165625 0.1625 0.20208333333333334
0 0.159375 0.40520833333333334 0.1625 0.20208333333333334
0 0.228125 0.8822916666666667 0.190625 0.22291666666666668
0 0.18046875 0.70625 0.1296875 0.19583333333333333
0 0.70078125 0.7541666666666667 0.1296875 0.19583333333333333
0 0.8171875 0.7479166666666667 0.140625 0.1875
0 0.871875 0.471875 0.14375 0.22291666666666668
0 0.88515625 0.2989583333333333 0.1609375 0.19791666666666666
0 0.38203125 0.4010416666666667 0.1609375 0.19791666666666666
0 0.05859375 0.778125 0.1140625 0.2520833333333333
0 0.94921875 0.6791666666666667 0.1015625 0.225