0 0.58828125 0.6041666666666666 0.1421875 0.2125
0 0.45859375 0.85625 0.1671875 0.2
0 0.36484375 0.6833333333333333 0.1671875 0.2
0 0.20703125 0.81875 0.1671875 0.2
0 0.078125 0.8427083333333333 0.153125 0.19375
0 0.62734375 0.9260416666666667 0.1453125 0.14791666666666667
0 0.06953125 0.328125 0.1359375 0.19375
0 0.60390625 0.10729166666666666 0.1359375 0.19375
0 0.94453125 0.37083333333333335 0.1109375 0.18333333333333332
0 0.846875 0.7354166666666667 0.146875 0.2375
0 0.7796875 0.5135416666666667 0.203125 0.20208333333333334
0 0.33359375 0.20208333333333334 0.1421875 0.2125
0 0.21484375 0.22916666666666666 0.2015625 0.17916666666666667
0 0.7234375 0.31145833333333334 0.209375 0.26875