0 0.46015625 0.38333333333333336 0.1734375 0.19166666666666668
0 0.64375 0.43854166666666666 0.2 0.2604166666666667
0 0.875 0.271875 0.14375 0.18958333333333333
0 0.4484375 0.17395833333333333 0.14375 0.18958333333333333
0 0.178125 0.759375 0.14375 0.18958333333333333
0 0.328125 0.9010416666666666 0.14375 0.18958333333333333
0 0.5828125 0.6989583333333333 0.14375 0.18958333333333333
0 0.5015625 0.9052083333333333 0.14375 0.18958333333333333
0 0.4234375 0.703125 0.14375 0.21041666666666667
0 0.9203125 0.6114583333333333 0.14375 0.21041666666666667
0 0.25625 0.16354166666666667 0.14375 0.18958333333333333
0 0.08203125 0.09479166666666666 0.1609375 0.18541666666666667
0 0.07109375 0.31875 0.1390625 0.275