0 0.1546875 0.34791666666666665 0.1875 0.26666666666666666
0 0.4015625 0.09895833333333333 0.16875 0.19375
0 0.1078125 0.09895833333333333 0.16875 0.19375
0 0.728125 0.89375 0.16875 0.19583333333333333
0 0.675 0.6625 0.16875 0.19583333333333333
0 0.29296875 0.7875 0.1703125 0.19583333333333333
0 0.9328125 0.10104166666666667 0.134375 0.19791666666666666
0 0.81015625 0.17708333333333334 0.1296875 0.18333333333333332
0 0.69453125 0.4708333333333333 0.1609375 0.19583333333333333
0 0.2640625 0.14166666666666666 0.175 0.2
0 0.49375 0.8770833333333333 0.16875 0.19583333333333333
0 0.5359375 0.209375 0.1375 0.14791666666666667