0 0.346875 0.6958333333333333 0.20625 0.23333333333333334
0 0.2171875 0.42291666666666666 0.175 0.2125
0 0.08828125 0.14375 0.1734375 0.2125
0 0.1734375 0.06666666666666667 0.171875 0.12916666666666668
0 0.7078125 0.15416666666666667 0.175 0.2125
0 0.715625 0.65625 0.175 0.2125
0 0.37890625 0.89375 0.1765625 0.2125
0 0.684375 0.8416666666666667 0.175 0.2125
0 0.9265625 0.09583333333333334 0.146875 0.1875
0 0.14453125 0.6416666666666667 0.1765625 0.2125
0 0.2203125 0.79375 0.159375 0.20416666666666666