0 0.35703125 0.3260416666666667 0.1515625 0.19791666666666666
0 0.17109375 0.421875 0.1390625 0.21875
0 0.84609375 0.3 0.1671875 0.225
0 0.7234375 0.6395833333333333 0.15 0.1875
0 0.93828125 0.8177083333333334 0.1234375 0.18125
0 0.65390625 0.45625 0.1515625 0.1875
0 0.33671875 0.075 0.1265625 0.14583333333333334
0 0.6703125 0.7822916666666667 0.203125 0.21041666666666667
0 0.065625 0.39375 0.128125 0.2625
0 0.8578125 0.10208333333333333 0.146875 0.2
0 0.525 0.83125 0.15 0.1875
0 0.5203125 0.38333333333333336 0.15 0.1875
0 0.48203125 0.12291666666666666 0.1828125 0.2125
0 0.67890625 0.20833333333333334 0.1796875 0.24166666666666667