0 0.79375 0.778125 0.184375 0.21458333333333332
0 0.7984375 0.309375 0.184375 0.21458333333333332
0 0.596875 0.296875 0.184375 0.21458333333333332
0 0.09921875 0.30104166666666665 0.1859375 0.22708333333333333
0 0.35546875 0.16979166666666667 0.1859375 0.2604166666666667
0 0.43515625 0.7583333333333333 0.1296875 0.3125
0 0.62734375 0.8 0.1421875 0.25
0 0.78359375 0.109375 0.1421875 0.21458333333333332
0 0.08984375 0.1 0.1765625 0.19583333333333333
0 0.275 0.9104166666666667 0.15625 0.175
0 0.6453125 0.49375 0.15625 0.175
0 0.5421875 0.53125 0.15625 0.175
0 0.53203125 0.07083333333333333 0.1421875 0.1375